Aberdeen,Dundee,Edinburgh,Glasgow,Inverness,Perth,Stirling
0,55,92,122,83,72,99
55,0,39,68,82,19,46
92,39,0,41,112,32,31
122,68,41,0,113,50,23
83,82,112,113,0,80,94
72,19,32,50,80,0,28
99,46,31,23,94,28,0
